Event	Time	Queue	Clock
send 5	1678246917.2866912	0	1
send 8	1678246917.6276422	0	2
send 9	1678246917.798229	0	3
send 1	1678246917.96995	0	4
send 4	1678246918.138072	0	5
send 4	1678246918.305714	0	6
send 1	1678246918.476643	0	7
send 4	1678246918.6442099	0	8
send 5	1678246918.8165052	0	9
send 4	1678246918.986059	0	10
send 7	1678246919.157831	0	11
send 8	1678246919.3289468	0	12
send 8	1678246919.500407	0	13
send 3	1678246919.672734	0	14
send 7	1678246919.8433542	0	15
send 10	1678246920.011978	0	16
send 3	1678246920.179743	0	17
send 1	1678246920.3497431	0	18
send 4	1678246920.518563	0	19
send 3	1678246920.6859798	0	20
send 6	1678246920.855979	0	21
send 4	1678246921.023503	0	22
send 10	1678246921.1933188	0	23
send 6	1678246921.36563	0	24
send 7	1678246921.536862	0	25
send 6	1678246921.70784	0	26
send 2	1678246922.043554	0	27
send 2	1678246922.2145112	0	28
send 6	1678246922.382355	0	29
send 7	1678246922.5506299	0	30
send 7	1678246922.7179031	0	31
send 6	1678246922.885095	0	32
send 4	1678246923.0574431	0	33
send 7	1678246923.226511	0	34
send 8	1678246923.395475	0	35
send 8	1678246923.732996	0	36
send 9	1678246923.9020648	0	37
send 4	1678246924.071724	0	38
send 9	1678246924.411385	0	39
send 10	1678246924.5819972	0	40
send 2	1678246924.7495239	0	41
send 9	1678246924.917278	0	42
send 9	1678246925.087323	0	43
send 2	1678246925.2549062	0	44
send 2	1678246925.422495	0	45
send 5	1678246925.59326	0	46
send 4	1678246925.7612019	0	47
send 5	1678246925.9297001	0	48
send 3	1678246926.102242	0	49
send 10	1678246926.270018	0	50
send 4	1678246926.4375958	0	51
send 5	1678246926.608106	0	52
send 3	1678246926.7789671	0	53
send 10	1678246926.9464908	0	54
send 1	1678246927.114225	0	55
send 5	1678246927.281514	0	56
send 6	1678246927.4492931	0	57
send 3	1678246927.6168041	0	58
send 9	1678246927.786047	0	59
send 2	1678246927.955015	0	60
send 5	1678246928.122422	0	61
send 9	1678246928.2932758	0	62
send 8	1678246928.462214	0	63
send 8	1678246928.6299179	0	64
send 8	1678246928.79812	0	65
send 4	1678246928.967925	0	66
send 7	1678246929.136523	0	67
send 5	1678246929.303941	0	68
send 7	1678246929.471345	0	69
send 9	1678246929.6432781	0	70
send 6	1678246929.813838	0	71
send 10	1678246929.9812548	0	72
send 1	1678246930.151679	0	73
send 6	1678246930.486315	0	74
send 3	1678246930.653722	0	75
send 3	1678246930.8208928	0	76
send 9	1678246930.990965	0	77
send 6	1678246931.158227	0	78
send 5	1678246931.32572	0	79
send 6	1678246931.4933062	0	80
send 9	1678246931.833204	0	81
send 10	1678246932.0004869	0	82
send 6	1678246932.167935	0	83
send 4	1678246932.335294	0	84
send 10	1678246932.502763	0	85
send 6	1678246932.837332	0	86
send 4	1678246933.0073888	0	87
send 8	1678246933.179054	0	88
send 4	1678246933.346699	0	89
send 2	1678246933.517238	0	90
send 2	1678246933.686712	0	91
send 9	1678246933.855026	0	92
send 5	1678246934.025826	0	93
send 10	1678246934.1953962	0	94
send 2	1678246934.363403	0	95
send 8	1678246934.5330482	0	96
send 1	1678246934.7003698	0	97
send 5	1678246934.868653	0	98
send 7	1678246935.0359209	0	99
send 3	1678246935.203336	0	100
send 1	1678246935.370723	0	101
send 9	1678246935.5380402	0	102
send 5	1678246935.705708	0	103
send 1	1678246935.8740191	0	104
send 3	1678246936.041527	0	105
send 10	1678246936.209942	0	106
send 2	1678246936.377812	0	107
send 5	1678246936.545113	0	108
send 5	1678246936.879364	0	109
send 3	1678246937.046747	0	110
send 8	1678246937.2143161	0	111
send 9	1678246937.38375	0	112
send 1	1678246937.551168	0	113
send 2	1678246937.719892	0	114
send 2	1678246937.88831	0	115
send 2	1678246938.2226539	0	116
send 4	1678246938.557139	0	117
send 4	1678246938.729305	0	118
send 2	1678246938.897216	0	119
send 10	1678246939.231503	0	120
send 10	1678246939.398813	0	121
send 6	1678246939.569091	0	122
send 1	1678246939.7367628	0	123
send 7	1678246939.904672	0	124
send 2	1678246940.075629	0	125
send 8	1678246940.24279	0	126
send 10	1678246940.579625	0	127
send 3	1678246940.747179	0	128
send 7	1678246940.914505	0	129
send 10	1678246941.0821052	0	130
send 1	1678246941.2494981	0	131
send 9	1678246941.41662	0	132
send 5	1678246941.583698	0	133
send 6	1678246941.7524638	0	134
send 8	1678246941.920219	0	135
send 2	1678246942.087546	0	136
send 5	1678246942.254807	0	137
send 10	1678246942.421983	0	138
send 6	1678246942.593497	0	139
send 7	1678246942.927752	0	140
send 7	1678246943.0949929	0	141
send 6	1678246943.2659159	0	142
send 7	1678246943.433186	0	143
send 4	1678246943.600312	0	144
send 3	1678246943.7704802	0	145
send 10	1678246943.940049	0	146
send 4	1678246944.107253	0	147
send 10	1678246944.2775738	0	148
send 10	1678246944.4447732	0	149
send 1	1678246944.6120288	0	150
send 9	1678246944.779109	0	151
send 4	1678246944.950944	0	152
send 2	1678246945.118711	0	153
send 6	1678246945.285939	0	154
send 6	1678246945.4535081	0	155
send 7	1678246945.6226392	0	156
send 10	1678246945.7901351	0	157
send 1	1678246945.957579	0	158
send 3	1678246946.125301	0	159
send 8	1678246946.294393	0	160
send 4	1678246946.464685	0	161
send 1	1678246946.6323788	0	162
send 7	1678246946.966837	0	163
send 4	1678246947.1340642	0	164
send 7	1678246947.3012638	0	165
send 5	1678246947.6416562	0	166
send 10	1678246947.808766	0	167
send 1	1678246947.979209	0	168
send 10	1678246948.147698	0	169
send 10	1678246948.314785	0	170
send 3	1678246948.4820921	0	171
send 1	1678246948.649166	0	172
send 3	1678246948.816572	0	173
send 2	1678246948.983732	0	174
send 10	1678246949.15077	0	175
send 8	1678246949.3178189	0	176
send 9	1678246949.486181	0	177
send 3	1678246949.653663	0	178
send 3	1678246949.821163	0	179
send 5	1678246949.992183	0	180
send 9	1678246950.161746	0	181
send 6	1678246950.329082	0	182
send 6	1678246950.663761	0	183
send 3	1678246950.834469	0	184
send 3	1678246951.001581	0	185
send 4	1678246951.1686358	0	186
send 8	1678246951.335881	0	187
send 7	1678246951.503057	0	188
send 3	1678246951.6716979	0	189
send 2	1678246951.842328	0	190
send 4	1678246952.00963	0	191
send 8	1678246952.177719	0	192
send 10	1678246952.347563	0	193
send 10	1678246952.681632	0	194
send 5	1678246953.017904	0	195
send 5	1678246953.1850948	0	196
send 6	1678246953.355674	0	197
send 8	1678246953.692585	0	198
send 10	1678246953.861622	0	199
send 3	1678246954.0328	0	200
send 2	1678246954.2017121	0	201
send 10	1678246954.368791	0	202
send 7	1678246954.537199	0	203
send 6	1678246954.706801	0	204
send 3	1678246955.0440562	0	205
send 5	1678246955.212739	0	206
send 3	1678246955.3800352	0	207
send 1	1678246955.547411	0	208
send 2	1678246955.71792	0	209
send 4	1678246955.886078	0	210
send 2	1678246956.058082	0	211
send 6	1678246956.226007	0	212
send 6	1678246956.393833	0	213
send 4	1678246956.56595	0	214
send 9	1678246956.737041	0	215
send 2	1678246956.9051049	0	216
send 9	1678246957.0722141	0	217
send 5	1678246957.239271	0	218
send 5	1678246957.573262	0	219
send 5	1678246957.7434409	0	220
send 9	1678246957.910547	0	221
send 3	1678246958.081766	0	222
send 10	1678246958.250824	0	223
send 10	1678246958.422737	0	224
send 6	1678246958.589994	0	225
send 5	1678246958.923829	0	226
send 5	1678246959.2615528	0	227
send 8	1678246959.431547	0	228
send 8	1678246959.6017761	0	229
send 3	1678246959.771573	0	230
send 1	1678246959.9426339	0	231
send 2	1678246960.113812	0	232
send 8	1678246960.2839732	0	233
send 2	1678246960.453291	0	234
send 1	1678246960.6205812	0	235
send 1	1678246960.791064	0	236
send 7	1678246960.9598389	0	237
send 9	1678246961.131496	0	238
send 2	1678246961.298862	0	239
send 4	1678246961.465906	0	240
send 2	1678246961.63376	0	241
send 3	1678246961.8053	0	242
send 4	1678246961.9743109	0	243
send 9	1678246962.1423879	0	244
send 1	1678246962.3095438	0	245
send 6	1678246962.4804008	0	246
send 3	1678246962.649028	0	247
send 9	1678246962.8172002	0	248
send 2	1678246962.984527	0	249
send 8	1678246963.153871	0	250
send 7	1678246963.32093	0	251
send 3	1678246963.491909	0	252
send 7	1678246963.663197	0	253
send 7	1678246963.834291	0	254
send 1	1678246964.005368	0	255
send 5	1678246964.172655	0	256
send 10	1678246964.340053	0	257
send 4	1678246964.5076659	0	258
send 6	1678246964.674967	0	259
send 8	1678246964.842429	0	260
send 1	1678246965.0098839	0	261
send 10	1678246965.1812632	0	262
send 10	1678246965.3485901	0	263
send 1	1678246965.682809	0	264
send 6	1678246965.850037	0	265
send 5	1678246966.017552	0	266
send 10	1678246966.1851368	0	267
send 7	1678246966.353738	0	268
send 5	1678246966.521974	0	269
send 2	1678246966.6892412	0	270
send 6	1678246966.8607092	0	271
send 9	1678246967.028089	0	272
send 1	1678246967.195877	0	273
send 4	1678246967.363174	0	274
send 8	1678246967.530352	0	275
send 3	1678246967.6978	0	276
send 1	1678246967.865225	0	277
send 3	1678246968.032483	0	278
send 4	1678246968.201819	0	279
send 7	1678246968.3691661	0	280
send 5	1678246968.536445	0	281
send 1	1678246968.704122	0	282
send 1	1678246968.8714838	0	283
send 3	1678246969.0388951	0	284
send 10	1678246969.210607	0	285
send 9	1678246969.378073	0	286
send 6	1678246969.5454028	0	287
send 5	1678246969.713027	0	288
send 1	1678246970.047601	0	289
send 8	1678246970.215154	0	290
send 9	1678246970.3824651	0	291
send 1	1678246970.5499148	0	292
send 1	1678246970.717899	0	293
send 10	1678246971.052598	0	294
send 6	1678246971.220261	0	295
send 3	1678246971.38769	0	296
send 2	1678246971.5550258	0	297
send 5	1678246971.722172	0	298
send 1	1678246971.889605	0	299
send 3	1678246972.0579252	0	300
send 7	1678246972.225546	0	301
send 10	1678246972.392787	0	302
send 7	1678246972.56439	0	303
send 10	1678246972.732219	0	304
send 4	1678246972.9041688	0	305
send 7	1678246973.0712051	0	306
send 4	1678246973.238411	0	307
send 8	1678246973.4055538	0	308
send 10	1678246973.572612	0	309
send 10	1678246973.7400162	0	310
send 6	1678246973.9071739	0	311
send 6	1678246974.078933	0	312
send 5	1678246974.2471411	0	313
send 5	1678246974.414537	0	314
send 10	1678246974.5825942	0	315
send 10	1678246974.750367	0	316
send 3	1678246975.0882702	0	317
send 5	1678246975.258492	0	318
send 1	1678246975.426412	0	319
send 6	1678246975.593816	0	320
send 8	1678246975.761556	0	321
send 6	1678246975.928592	0	322
send 10	1678246976.097752	0	323
send 9	1678246976.265022	0	324
send 7	1678246976.435487	0	325
send 1	1678246976.7750201	0	326
send 4	1678246976.942006	0	327
send 10	1678246977.1104069	0	328
