Event	Time	Queue	Clock
send 5	1678247062.22319	0	1
send 2	1678247062.724203	0	2
send 7	1678247062.974554	0	3
send 8	1678247063.224951	0	4
send 5	1678247063.4769769	0	5
send 8	1678247063.727493	0	6
send 4	1678247063.9781802	0	7
send 5	1678247064.2288609	0	8
send 10	1678247064.483795	0	9
send 1	1678247064.734694	0	10
send 4	1678247065.23826	0	11
send 9	1678247065.489816	0	12
send 7	1678247065.740484	0	13
send 5	1678247065.992694	0	14
send 9	1678247066.243415	0	15
send 1	1678247066.4948869	0	16
send 5	1678247066.74547	0	17
send 4	1678247066.9960341	0	18
send 6	1678247067.2466938	0	19
send 5	1678247067.74808	0	20
send 6	1678247067.9994519	0	21
send 10	1678247068.249973	0	22
send 9	1678247068.5026171	0	23
send 1	1678247068.755571	0	24
send 6	1678247069.007896	0	25
send 10	1678247069.262671	0	26
send 10	1678247069.763642	0	27
send 9	1678247070.0144682	0	28
send 1	1678247070.265224	0	29
send 5	1678247070.767682	0	30
send 10	1678247071.0222561	0	31
send 3	1678247071.276187	0	32
send 8	1678247071.526839	0	33
send 7	1678247071.7775302	0	34
send 9	1678247072.028339	0	35
send 10	1678247072.2831528	0	36
send 5	1678247072.533869	0	37
send 2	1678247072.784541	0	38
send 8	1678247073.035438	0	39
send 5	1678247073.290069	0	40
send 5	1678247073.5408099	0	41
send 2	1678247073.7926881	0	42
send 7	1678247074.043415	0	43
send 10	1678247074.293976	0	44
send 4	1678247074.544522	0	45
send 3	1678247074.79528	0	46
send 4	1678247075.049811	0	47
send 1	1678247075.3006248	0	48
send 8	1678247075.554067	0	49
send 7	1678247075.804736	0	50
send 9	1678247076.05535	0	51
send 8	1678247076.30589	0	52
send 8	1678247076.556441	0	53
send 4	1678247076.807083	0	54
send 6	1678247077.057767	0	55
send 3	1678247077.308604	0	56
send 5	1678247077.5606751	0	57
send 3	1678247077.811884	0	58
send 8	1678247078.065191	0	59
send 1	1678247078.3159199	0	60
send 9	1678247078.817047	0	61
send 5	1678247079.071458	0	62
send 4	1678247079.32233	0	63
send 7	1678247079.572913	0	64
send 7	1678247079.823951	0	65
send 8	1678247080.325971	0	66
send 7	1678247080.8275158	0	67
send 3	1678247081.331821	0	68
send 10	1678247081.582436	0	69
send 9	1678247081.83284	0	70
send 10	1678247082.083463	0	71
send 4	1678247082.334074	0	72
send 10	1678247082.5849118	0	73
send 6	1678247082.835587	0	74
send 3	1678247083.08657	0	75
send 9	1678247083.3373702	0	76
send 10	1678247083.592318	0	77
send 3	1678247083.8428721	0	78
send 2	1678247084.0933928	0	79
send 4	1678247084.344069	0	80
send 1	1678247084.594592	0	81
send 10	1678247084.8476548	0	82
send 1	1678247085.098065	0	83
send 6	1678247085.34863	0	84
send 6	1678247085.604089	0	85
send 1	1678247085.8560278	0	86
send 1	1678247086.110353	0	87
send 8	1678247086.364749	0	88
send 8	1678247086.6169941	0	89
send 4	1678247086.870306	0	90
send 3	1678247087.1229062	0	91
send 8	1678247087.373312	0	92
send 2	1678247087.625651	0	93
send 6	1678247087.8759968	0	94
send 1	1678247088.130472	0	95
send 8	1678247088.380882	0	96
send 8	1678247088.631236	0	97
send 1	1678247088.881569	0	98
send 3	1678247089.132471	0	99
send 3	1678247089.3828459	0	100
send 5	1678247089.633373	0	101
send 8	1678247089.8886871	0	102
send 6	1678247090.139153	0	103
send 5	1678247090.3943	0	104
send 2	1678247090.649534	0	105
send 5	1678247090.901014	0	106
send 3	1678247091.154814	0	107
send 4	1678247091.408471	0	108
send 5	1678247091.663522	0	109
send 10	1678247091.913953	0	110
send 6	1678247092.164377	0	111
send 1	1678247092.414964	0	112
send 4	1678247092.668459	0	113
send 8	1678247092.921373	0	114
send 4	1678247093.1718268	0	115
send 8	1678247093.423726	0	116
send 7	1678247093.674071	0	117
send 3	1678247093.927845	0	118
send 8	1678247094.1820009	0	119
send 9	1678247094.4323719	0	120
send 8	1678247094.9331	0	121
send 1	1678247095.438209	0	122
send 5	1678247095.691644	0	123
send 8	1678247095.942493	0	124
send 9	1678247096.19296	0	125
send 9	1678247096.445107	0	126
send 7	1678247096.945728	0	127
send 5	1678247097.198197	0	128
send 5	1678247097.451672	0	129
send 10	1678247097.70316	0	130
send 4	1678247097.958357	0	131
send 9	1678247098.208906	0	132
send 3	1678247098.45949	0	133
send 9	1678247098.7124548	0	134
send 2	1678247098.9672341	0	135
send 1	1678247099.218094	0	136
send 1	1678247099.468674	0	137
send 9	1678247099.970044	0	138
send 8	1678247100.220782	0	139
send 5	1678247100.471781	0	140
send 9	1678247100.722167	0	141
send 6	1678247100.9726	0	142
send 1	1678247101.22317	0	143
send 4	1678247101.4737558	0	144
send 2	1678247101.724434	0	145
send 2	1678247101.975015	0	146
send 4	1678247102.229864	0	147
send 5	1678247102.480382	0	148
send 3	1678247102.7309608	0	149
send 3	1678247102.984633	0	150
send 3	1678247103.235147	0	151
send 7	1678247103.485625	0	152
send 5	1678247103.736536	0	153
send 2	1678247103.987335	0	154
send 9	1678247104.237893	0	155
send 7	1678247104.488673	0	156
send 10	1678247104.739236	0	157
send 3	1678247104.994352	0	158
send 8	1678247105.2454689	0	159
send 9	1678247105.4960032	0	160
send 6	1678247105.746551	0	161
send 6	1678247106.000957	0	162
send 4	1678247106.505901	0	163
send 8	1678247106.756403	0	164
send 10	1678247107.0094988	0	165
send 5	1678247107.263705	0	166
send 9	1678247107.516176	0	167
send 5	1678247107.766725	0	168
send 8	1678247108.0172422	0	169
send 2	1678247108.2677078	0	170
send 1	1678247108.518317	0	171
send 1	1678247108.772643	0	172
send 10	1678247109.025905	0	173
send 8	1678247109.276479	0	174
send 3	1678247109.5303621	0	175
send 7	1678247109.7809138	0	176
send 6	1678247110.0314791	0	177
send 4	1678247110.282182	0	178
send 8	1678247110.532702	0	179
send 6	1678247110.7832398	0	180
send 4	1678247111.034036	0	181
send 10	1678247111.284645	0	182
send 6	1678247111.5351071	0	183
send 2	1678247111.7856	0	184
send 10	1678247112.0390651	0	185
send 5	1678247112.291873	0	186
send 7	1678247112.54289	0	187
send 1	1678247112.793334	0	188
send 5	1678247113.0450401	0	189
send 6	1678247113.295882	0	190
send 8	1678247113.546496	0	191
send 9	1678247113.7970402	0	192
send 8	1678247114.049705	0	193
send 7	1678247114.552005	0	194
send 10	1678247114.805011	0	195
send 6	1678247115.0555441	0	196
send 4	1678247115.306068	0	197
send 2	1678247115.5568352	0	198
send 10	1678247115.8117208	0	199
send 7	1678247116.062195	0	200
send 10	1678247116.312706	0	201
send 10	1678247116.563227	0	202
send 10	1678247116.813748	0	203
send 1	1678247117.06455	0	204
send 1	1678247117.315212	0	205
send 9	1678247117.565774	0	206
send 8	1678247117.8179462	0	207
send 7	1678247118.068574	0	208
send 9	1678247118.319201	0	209
send 5	1678247118.569851	0	210
send 6	1678247119.070981	0	211
send 5	1678247119.5718741	0	212
send 1	1678247119.822631	0	213
send 3	1678247120.0767438	0	214
send 4	1678247120.327919	0	215
send 7	1678247120.57845	0	216
send 4	1678247121.0814662	0	217
send 8	1678247121.331946	0	218
send 10	1678247121.58239	0	219
