Event	Time	Queue	Clock
send 7	1678247319.66787	0	1
send 2	1678247319.83498	0	2
send 2	1678247320.0024588	0	3
send 5	1678247320.170959	0	4
send 5	1678247320.3382342	0	5
send 4	1678247320.506252	0	6
send 3	1678247320.673611	0	7
send 4	1678247320.8427289	0	8
send 4	1678247321.014891	0	9
send 9	1678247321.182132	0	10
send 10	1678247321.34946	0	11
send 1	1678247321.516706	0	12
send 9	1678247321.685142	0	13
send 2	1678247321.856031	0	14
send 10	1678247322.026446	0	15
send 9	1678247322.198219	0	16
send 5	1678247322.3677812	0	17
send 10	1678247322.705337	0	18
send 1	1678247322.873214	0	19
send 5	1678247323.0440488	0	20
send 8	1678247323.215324	0	21
send 3	1678247323.38252	0	22
send 3	1678247323.5518432	0	23
send 5	1678247323.722812	0	24
send 4	1678247323.890304	0	25
send 9	1678247324.058711	0	26
send 2	1678247324.225884	0	27
send 1	1678247324.397692	0	28
send 1	1678247324.5678568	0	29
send 2	1678247324.735369	0	30
send 6	1678247324.9024582	0	31
send 9	1678247325.0718021	0	32
send 10	1678247325.239135	0	33
send 1	1678247325.409173	0	34
send 1	1678247325.579942	0	35
send 8	1678247325.7482398	0	36
send 1	1678247325.9153779	0	37
send 6	1678247326.25416	0	38
send 7	1678247326.421366	0	39
send 6	1678247326.588495	0	40
send 2	1678247326.7559412	0	41
send 9	1678247326.924219	0	42
send 3	1678247327.091557	0	43
send 3	1678247327.2589738	0	44
send 6	1678247327.429556	0	45
send 7	1678247327.600608	0	46
send 3	1678247327.767921	0	47
send 2	1678247327.937143	0	48
send 1	1678247328.1044009	0	49
send 2	1678247328.2716942	0	50
send 8	1678247328.439879	0	51
send 4	1678247328.607198	0	52
send 9	1678247328.775769	0	53
send 9	1678247328.947535	0	54
send 5	1678247329.115171	0	55
send 10	1678247329.287294	0	56
send 2	1678247329.457037	0	57
send 5	1678247329.6242821	0	58
send 4	1678247329.7961369	0	59
send 6	1678247329.966219	0	60
send 6	1678247330.1333098	0	61
send 4	1678247330.300423	0	62
send 8	1678247330.4676049	0	63
send 4	1678247330.634699	0	64
send 2	1678247330.801863	0	65
send 5	1678247330.969949	0	66
send 10	1678247331.141272	0	67
send 1	1678247331.311764	0	68
send 7	1678247331.482365	0	69
send 2	1678247331.649375	0	70
send 4	1678247331.816437	0	71
send 2	1678247331.983518	0	72
send 5	1678247332.150522	0	73
send 10	1678247332.317583	0	74
send 6	1678247332.487273	0	75
send 5	1678247332.6542678	0	76
send 1	1678247332.8245409	0	77
send 2	1678247332.991725	0	78
send 3	1678247333.158842	0	79
send 3	1678247333.325954	0	80
send 3	1678247333.49757	0	81
send 1	1678247333.664795	0	82
send 10	1678247333.833369	0	83
send 2	1678247334.0006988	0	84
send 2	1678247334.167787	0	85
send 2	1678247334.335157	0	86
send 4	1678247334.502409	0	87
send 4	1678247334.669564	0	88
send 3	1678247334.839873	0	89
send 10	1678247335.006878	0	90
send 3	1678247335.1758132	0	91
send 7	1678247335.347457	0	92
send 7	1678247335.518288	0	93
send 2	1678247335.687664	0	94
send 6	1678247335.854849	0	95
send 10	1678247336.024885	0	96
send 9	1678247336.19196	0	97
send 2	1678247336.3639739	0	98
send 5	1678247336.532711	0	99
send 4	1678247336.699875	0	100
send 6	1678247336.8670342	0	101
send 10	1678247337.036819	0	102
send 3	1678247337.204834	0	103
send 10	1678247337.371922	0	104
send 8	1678247337.543756	0	105
send 9	1678247337.714276	0	106
send 9	1678247337.881325	0	107
send 6	1678247338.048429	0	108
send 8	1678247338.218242	0	109
send 9	1678247338.3853009	0	110
send 7	1678247338.552423	0	111
send 4	1678247338.719517	0	112
send 6	1678247338.891202	0	113
send 10	1678247339.060535	0	114
send 2	1678247339.2279198	0	115
send 10	1678247339.399709	0	116
send 6	1678247339.566884	0	117
send 10	1678247339.736466	0	118
send 5	1678247339.9037719	0	119
send 4	1678247340.072224	0	120
send 1	1678247340.23956	0	121
send 10	1678247340.409958	0	122
send 2	1678247340.580267	0	123
send 2	1678247340.748577	0	124
send 4	1678247340.9173079	0	125
send 4	1678247341.087633	0	126
send 1	1678247341.2547479	0	127
send 6	1678247341.42221	0	128
send 7	1678247341.5893068	0	129
send 1	1678247341.923251	0	130
send 8	1678247342.090333	0	131
send 3	1678247342.259558	0	132
send 5	1678247342.4265401	0	133
send 2	1678247342.597455	0	134
send 3	1678247342.765376	0	135
send 6	1678247342.93258	0	136
send 9	1678247343.1039538	0	137
send 3	1678247343.273393	0	138
send 3	1678247343.4409459	0	139
send 2	1678247343.608693	0	140
send 1	1678247343.781077	0	141
send 8	1678247343.950797	0	142
send 6	1678247344.120972	0	143
send 7	1678247344.288051	0	144
send 9	1678247344.455735	0	145
send 5	1678247344.6230981	0	146
send 3	1678247344.7907279	0	147
send 2	1678247344.960604	0	148
send 6	1678247345.129667	0	149
send 9	1678247345.297485	0	150
send 3	1678247345.466881	0	151
send 6	1678247345.633991	0	152
send 9	1678247345.801038	0	153
send 7	1678247345.9680681	0	154
send 8	1678247346.1351721	0	155
send 4	1678247346.3021922	0	156
send 3	1678247346.4693272	0	157
send 7	1678247346.636653	0	158
send 9	1678247346.8041668	0	159
send 5	1678247346.974653	0	160
send 2	1678247347.1418839	0	161
send 6	1678247347.313966	0	162
send 5	1678247347.481278	0	163
send 1	1678247347.65022	0	164
send 7	1678247347.817601	0	165
send 5	1678247347.985481	0	166
send 8	1678247348.324086	0	167
send 6	1678247348.491454	0	168
send 3	1678247348.8259158	0	169
send 5	1678247348.9975429	0	170
send 7	1678247349.164921	0	171
send 4	1678247349.332216	0	172
send 9	1678247349.499819	0	173
send 9	1678247349.6705081	0	174
send 10	1678247349.841235	0	175
send 3	1678247350.0086138	0	176
send 5	1678247350.175851	0	177
send 3	1678247350.347544	0	178
send 2	1678247350.5148711	0	179
send 1	1678247350.682246	0	180
send 8	1678247350.8529222	0	181
send 6	1678247351.020194	0	182
send 1	1678247351.189188	0	183
send 3	1678247351.3566341	0	184
send 2	1678247351.5239072	0	185
send 9	1678247351.691328	0	186
send 1	1678247351.860946	0	187
send 4	1678247352.028123	0	188
send 7	1678247352.197671	0	189
send 1	1678247352.3651588	0	190
send 6	1678247352.536086	0	191
send 7	1678247352.70334	0	192
send 3	1678247352.872643	0	193
send 2	1678247353.0407848	0	194
send 1	1678247353.2107599	0	195
send 3	1678247353.377985	0	196
send 5	1678247353.549663	0	197
send 7	1678247353.720268	0	198
send 9	1678247353.889534	0	199
send 4	1678247354.056706	0	200
send 9	1678247354.2237928	0	201
send 9	1678247354.39079	0	202
send 5	1678247354.559722	0	203
send 10	1678247354.726728	0	204
send 7	1678247354.897383	0	205
send 1	1678247355.064471	0	206
send 3	1678247355.231848	0	207
send 10	1678247355.4023612	0	208
send 2	1678247355.5698402	0	209
send 7	1678247355.736976	0	210
send 3	1678247355.9044878	0	211
send 10	1678247356.071939	0	212
send 6	1678247356.239601	0	213
send 3	1678247356.406699	0	214
send 7	1678247356.573719	0	215
send 7	1678247356.740862	0	216
send 3	1678247356.908098	0	217
send 2	1678247357.080076	0	218
send 3	1678247357.24762	0	219
send 7	1678247357.4149928	0	220
send 6	1678247357.5824609	0	221
send 6	1678247357.750745	0	222
send 10	1678247357.9222112	0	223
send 9	1678247358.089556	0	224
send 10	1678247358.2569249	0	225
send 9	1678247358.424234	0	226
send 6	1678247358.591567	0	227
send 2	1678247358.759022	0	228
send 1	1678247358.926354	0	229
send 10	1678247359.097384	0	230
send 9	1678247359.2644732	0	231
send 10	1678247359.431582	0	232
send 10	1678247359.5987918	0	233
send 10	1678247359.7658281	0	234
send 7	1678247359.936109	0	235
send 2	1678247360.1042309	0	236
send 3	1678247360.271536	0	237
send 2	1678247360.4396641	0	238
send 1	1678247360.607378	0	239
send 4	1678247360.77892	0	240
send 6	1678247360.947934	0	241
send 10	1678247361.115042	0	242
send 9	1678247361.285908	0	243
send 1	1678247361.454116	0	244
send 10	1678247361.621154	0	245
send 3	1678247361.956799	0	246
send 2	1678247362.123872	0	247
send 4	1678247362.291681	0	248
send 3	1678247362.458789	0	249
send 4	1678247362.629343	0	250
send 10	1678247362.797477	0	251
send 2	1678247362.965609	0	252
send 3	1678247363.1344829	0	253
send 2	1678247363.301686	0	254
send 6	1678247363.473451	0	255
send 1	1678247363.6427	0	256
send 8	1678247363.814563	0	257
send 1	1678247363.9826329	0	258
send 4	1678247364.149641	0	259
send 1	1678247364.316791	0	260
send 4	1678247364.483947	0	261
send 8	1678247364.651294	0	262
send 9	1678247364.823492	0	263
send 4	1678247364.9951968	0	264
send 1	1678247365.1639721	0	265
send 2	1678247365.331617	0	266
send 3	1678247365.500169	0	267
send 5	1678247365.667136	0	268
send 2	1678247365.8344982	0	269
send 4	1678247366.001699	0	270
send 9	1678247366.16879	0	271
send 7	1678247366.335814	0	272
send 9	1678247366.503576	0	273
send 4	1678247366.670599	0	274
send 7	1678247366.839338	0	275
send 6	1678247367.0064251	0	276
send 10	1678247367.178227	0	277
send 5	1678247367.345386	0	278
send 2	1678247367.514056	0	279
send 6	1678247367.682175	0	280
send 6	1678247367.849205	0	281
send 10	1678247368.017886	0	282
send 10	1678247368.184957	0	283
send 8	1678247368.518948	0	284
send 6	1678247368.6910238	0	285
send 8	1678247368.858232	0	286
send 9	1678247369.026748	0	287
send 10	1678247369.19714	0	288
send 10	1678247369.364222	0	289
send 4	1678247369.531414	0	290
send 1	1678247369.700864	0	291
send 5	1678247369.8679419	0	292
send 7	1678247370.03889	0	293
send 2	1678247370.377793	0	294
send 1	1678247370.546933	0	295
send 2	1678247370.7139351	0	296
send 4	1678247370.881189	0	297
send 8	1678247371.051893	0	298
send 4	1678247371.221798	0	299
send 2	1678247371.391287	0	300
send 2	1678247371.558378	0	301
send 4	1678247371.7304242	0	302
send 3	1678247371.897843	0	303
send 6	1678247372.064945	0	304
send 7	1678247372.2368152	0	305
send 2	1678247372.403921	0	306
send 4	1678247372.57115	0	307
send 8	1678247372.738535	0	308
send 3	1678247372.909639	0	309
send 3	1678247373.077569	0	310
send 10	1678247373.246662	0	311
send 7	1678247373.41376	0	312
send 5	1678247373.5858848	0	313
send 2	1678247373.75488	0	314
send 1	1678247373.9241412	0	315
send 9	1678247374.091191	0	316
send 9	1678247374.258317	0	317
send 8	1678247374.4254642	0	318
send 8	1678247374.5968661	0	319
send 10	1678247374.764008	0	320
send 2	1678247374.933677	0	321
send 9	1678247375.100767	0	322
send 10	1678247375.268078	0	323
send 6	1678247375.4352908	0	324
send 2	1678247375.607441	0	325
send 2	1678247375.774494	0	326
send 1	1678247375.9415748	0	327
send 4	1678247376.108609	0	328
send 1	1678247376.275817	0	329
send 1	1678247376.443012	0	330
send 1	1678247376.613749	0	331
send 3	1678247376.783145	0	332
send 10	1678247376.9536881	0	333
send 8	1678247377.120726	0	334
send 9	1678247377.2881541	0	335
send 4	1678247377.455213	0	336
send 7	1678247377.62239	0	337
send 10	1678247377.956893	0	338
send 10	1678247378.1239622	0	339
send 5	1678247378.2910259	0	340
send 9	1678247378.4580631	0	341
send 8	1678247378.629493	0	342
send 7	1678247378.796716	0	343
send 7	1678247378.9657888	0	344
send 6	1678247379.132985	0	345
send 8	1678247379.300273	0	346
send 4	1678247379.470766	0	347
