Event	Time	Queue	Clock
send 4	1678247424.567706	0	1
send 6	1678247424.8184268	0	2
send 2	1678247425.069055	0	3
send 3	1678247425.319324	0	4
send 9	1678247425.572305	0	5
send 1	1678247425.822657	0	6
send 2	1678247426.0752141	0	7
send 5	1678247426.325601	0	8
send 2	1678247426.577844	0	9
send 10	1678247426.82818	0	10
send 3	1678247427.0785868	0	11
send 8	1678247427.330595	0	12
send 4	1678247427.581008	0	13
send 1	1678247427.83534	0	14
send 5	1678247428.086565	0	15
send 5	1678247428.336993	0	16
send 5	1678247428.587403	0	17
send 10	1678247428.837932	0	18
send 1	1678247429.088521	0	19
send 4	1678247429.338987	0	20
send 3	1678247429.589401	0	21
send 9	1678247429.841774	0	22
send 6	1678247430.092129	0	23
send 7	1678247430.342602	0	24
send 5	1678247430.593102	0	25
send 1	1678247430.8458009	0	26
send 3	1678247431.0977678	0	27
send 8	1678247431.3498921	0	28
send 4	1678247431.602626	0	29
send 7	1678247431.852997	0	30
send 1	1678247432.107877	0	31
send 7	1678247432.3586712	0	32
send 5	1678247432.6092422	0	33
send 8	1678247432.862367	0	34
send 6	1678247433.113662	0	35
send 8	1678247433.364022	0	36
send 2	1678247433.615731	0	37
send 3	1678247433.867955	0	38
send 5	1678247434.118361	0	39
send 4	1678247434.372563	0	40
send 10	1678247434.626598	0	41
send 9	1678247434.8793411	0	42
send 7	1678247435.129708	0	43
send 9	1678247435.3836129	0	44
send 10	1678247435.63433	0	45
send 9	1678247435.885221	0	46
send 8	1678247436.136638	0	47
send 10	1678247436.387108	0	48
send 3	1678247436.6376908	0	49
send 6	1678247436.8910751	0	50
send 7	1678247437.143531	0	51
send 1	1678247437.395484	0	52
send 6	1678247437.648261	0	53
send 4	1678247437.898992	0	54
send 7	1678247438.153332	0	55
send 7	1678247438.404315	0	56
send 4	1678247438.6581042	0	57
send 4	1678247438.908607	0	58
send 6	1678247439.1591098	0	59
send 8	1678247439.4095209	0	60
send 4	1678247439.660052	0	61
send 10	1678247439.9113212	0	62
send 7	1678247440.165762	0	63
send 10	1678247440.416252	0	64
send 9	1678247440.6667929	0	65
send 1	1678247440.917452	0	66
send 6	1678247441.171813	0	67
send 10	1678247441.422266	0	68
send 10	1678247441.672974	0	69
send 9	1678247441.923382	0	70
send 5	1678247442.175736	0	71
send 9	1678247442.426452	0	72
send 4	1678247442.6768582	0	73
send 6	1678247442.92733	0	74
send 1	1678247443.181687	0	75
send 5	1678247443.435955	0	76
send 10	1678247443.68628	0	77
send 3	1678247443.938493	0	78
send 7	1678247444.188857	0	79
send 5	1678247444.4407501	0	80
send 6	1678247444.691146	0	81
send 5	1678247444.9423082	0	82
send 9	1678247445.19624	0	83
send 2	1678247445.447326	0	84
send 1	1678247445.697698	0	85
send 8	1678247445.9481778	0	86
send 2	1678247446.198554	0	87
send 4	1678247446.448948	0	88
send 6	1678247446.700267	0	89
send 9	1678247446.9507399	0	90
send 1	1678247447.201151	0	91
send 6	1678247447.4537148	0	92
send 10	1678247447.7080162	0	93
send 3	1678247447.958901	0	94
send 8	1678247448.211796	0	95
send 9	1678247448.462257	0	96
send 4	1678247448.7126558	0	97
send 3	1678247448.963069	0	98
send 3	1678247449.215861	0	99
send 8	1678247449.4664168	0	100
send 5	1678247449.716892	0	101
send 8	1678247449.967387	0	102
send 6	1678247450.2179148	0	103
send 1	1678247450.468302	0	104
send 7	1678247450.7190242	0	105
send 9	1678247450.9716191	0	106
send 3	1678247451.226065	0	107
send 1	1678247451.4765608	0	108
send 7	1678247451.7270222	0	109
send 1	1678247451.9775438	0	110
send 10	1678247452.22789	0	111
send 7	1678247452.4783192	0	112
send 6	1678247452.728686	0	113
send 9	1678247452.9792151	0	114
send 2	1678247453.233675	0	115
send 3	1678247453.485755	0	116
send 3	1678247453.736206	0	117
send 9	1678247453.989761	0	118
send 6	1678247454.2401721	0	119
send 7	1678247454.4905758	0	120
send 7	1678247454.743247	0	121
send 3	1678247454.9939451	0	122
send 6	1678247455.245259	0	123
send 8	1678247455.495657	0	124
send 5	1678247455.746214	0	125
send 1	1678247455.999789	0	126
send 10	1678247456.250133	0	127
send 5	1678247456.500588	0	128
send 4	1678247456.751005	0	129
send 5	1678247457.001631	0	130
send 5	1678247457.252813	0	131
send 5	1678247457.5033228	0	132
send 10	1678247457.753806	0	133
send 7	1678247458.004658	0	134
send 9	1678247458.259418	0	135
send 6	1678247458.51152	0	136
send 2	1678247458.762675	0	137
send 6	1678247459.013099	0	138
send 2	1678247459.265708	0	139
send 1	1678247459.516333	0	140
send 5	1678247459.766978	0	141
send 10	1678247460.021203	0	142
send 4	1678247460.273056	0	143
send 3	1678247460.523923	0	144
send 1	1678247460.774532	0	145
send 1	1678247461.025124	0	146
send 1	1678247461.275522	0	147
send 2	1678247461.5276291	0	148
send 7	1678247461.782156	0	149
send 5	1678247462.0325918	0	150
send 4	1678247462.2829802	0	151
send 2	1678247462.535716	0	152
send 8	1678247462.790931	0	153
send 8	1678247463.0422752	0	154
send 6	1678247463.2925792	0	155
send 2	1678247463.547339	0	156
send 3	1678247463.7977269	0	157
send 1	1678247464.048109	0	158
send 9	1678247464.298406	0	159
send 4	1678247464.548817	0	160
send 2	1678247464.799278	0	161
send 10	1678247465.0496051	0	162
send 1	1678247465.299979	0	163
send 10	1678247465.5503879	0	164
send 1	1678247465.80107	0	165
send 10	1678247466.051353	0	166
send 8	1678247466.301773	0	167
send 3	1678247466.55356	0	168
send 3	1678247466.808865	0	169
send 7	1678247467.062849	0	170
send 3	1678247467.3167748	0	171
send 8	1678247467.569719	0	172
send 8	1678247467.820506	0	173
send 8	1678247468.0736818	0	174
send 1	1678247468.324121	0	175
send 5	1678247468.5746188	0	176
send 5	1678247468.827755	0	177
send 10	1678247469.081491	0	178
send 9	1678247469.331821	0	179
send 4	1678247469.5855281	0	180
send 2	1678247469.835968	0	181
send 3	1678247470.087795	0	182
send 2	1678247470.3383849	0	183
send 3	1678247470.59127	0	184
send 1	1678247470.841665	0	185
send 10	1678247471.093594	0	186
send 8	1678247471.3439949	0	187
send 5	1678247471.59503	0	188
send 7	1678247471.847389	0	189
send 6	1678247472.0978591	0	190
send 7	1678247472.348209	0	191
send 3	1678247472.6000881	0	192
send 9	1678247472.8518112	0	193
send 5	1678247473.1021702	0	194
send 5	1678247473.352484	0	195
send 2	1678247473.602829	0	196
send 6	1678247473.85676	0	197
send 8	1678247474.1086211	0	198
send 2	1678247474.359943	0	199
send 7	1678247474.610604	0	200
send 5	1678247474.864259	0	201
send 1	1678247475.114671	0	202
send 5	1678247475.3673978	0	203
send 5	1678247475.621134	0	204
send 1	1678247475.8724108	0	205
send 2	1678247476.123669	0	206
send 8	1678247476.3750231	0	207
send 7	1678247476.6282601	0	208
send 8	1678247476.878819	0	209
send 4	1678247477.129209	0	210
send 2	1678247477.3801239	0	211
send 7	1678247477.632142	0	212
send 4	1678247477.8858821	0	213
send 7	1678247478.14026	0	214
send 9	1678247478.3959072	0	215
send 9	1678247478.652205	0	216
send 2	1678247478.902827	0	217
send 1	1678247479.154635	0	218
send 4	1678247479.405247	0	219
send 10	1678247479.658635	0	220
send 2	1678247479.909029	0	221
send 9	1678247480.1598	0	222
send 5	1678247480.411881	0	223
send 6	1678247480.662315	0	224
send 9	1678247480.9143941	0	225
send 5	1678247481.164813	0	226
send 7	1678247481.415668	0	227
send 3	1678247481.669423	0	228
send 7	1678247481.920664	0	229
send 10	1678247482.173234	0	230
send 8	1678247482.423581	0	231
send 1	1678247482.674762	0	232
send 8	1678247482.925167	0	233
send 2	1678247483.175609	0	234
send 4	1678247483.428006	0	235
send 7	1678247483.6823318	0	236
send 2	1678247483.9341922	0	237
send 1	1678247484.187979	0	238
