Event	Time	Queue	Clock
send 4	1678079269.0419	0	1
send 9	1678079269.547164	0	2
send 10	1678079270.0478148	0	3
send 1	1678079270.5483909	0	4
send 10	1678079271.078342	0	5
send 9	1678079271.583766	0	6
send 2	1678079272.087019	0	7
send 4	1678079272.5874949	0	8
send 5	1678079273.092182	0	9
send 6	1678079273.59727	0	10
send 4	1678079274.098579	0	11
send 1	1678079274.6029701	0	12
send 7	1678079275.107063	0	13
send 9	1678079275.6077921	0	14
send 6	1678079276.109072	0	15
send 7	1678079276.6132731	0	16
send 6	1678079277.114039	0	17
send 5	1678079277.6162078	0	18
send 7	1678079278.120141	0	19
send 6	1678079278.623322	0	20
receive	1678079279.124079	0	97
send 4	1678079279.628864	0	98
send 7	1678079280.1305091	0	99
send 2	1678079280.631351	0	100
receive	1678079281.1321988	0	104
send 7	1678079281.6343832	0	105
send 2	1678079282.1356852	0	106
send 7	1678079282.6369421	0	107
send 5	1678079283.141576	0	108
receive	1678079283.642221	0	114
send 7	1678079284.147197	0	115
send 6	1678079284.647732	0	116
send 8	1678079285.153336	0	117
send 8	1678079285.654143	0	118
receive	1678079286.155244	1	124
receive	1678079286.6596322	0	125
send 4	1678079287.1604621	0	126
receive	1678079287.662924	0	130
send 5	1678079288.1651351	0	131
send 8	1678079288.668779	0	132
send 8	1678079289.1691399	0	133
send 1	1678079289.673184	0	134
receive	1678079290.1763	0	140
send 1	1678079290.6814878	0	141
receive	1678079291.1850612	0	143
send 6	1678079291.6855512	0	144
receive	1678079292.190031	0	146
receive	1678079292.6944928	0	149
send 7	1678079293.1971872	0	150
send 1	1678079293.698952	0	151
receive	1678079294.200832	0	154
send 8	1678079294.705765	0	155
send 8	1678079295.206793	0	156
send 9	1678079295.71201	0	157
send 10	1678079296.2150211	0	158
send 1	1678079296.716639	0	159
send 4	1678079297.2183528	0	160
send 3	1678079297.720619	0	161
receive	1678079298.22445	0	168
receive	1678079298.730043	0	170
receive	1678079299.23089	0	172
send 1	1678079299.731883	0	173
receive	1678079300.233676	0	175
send 7	1678079300.736139	0	176
send 5	1678079301.240465	0	177
receive	1678079301.7408981	0	180
send 6	1678079302.242662	0	181
send 7	1678079302.747175	0	182
send 6	1678079303.250012	0	183
send 9	1678079303.7553449	0	184
send 5	1678079304.257709	0	185
send 1	1678079304.7631779	0	186
receive	1678079305.263753	0	193
receive	1678079305.764768	0	195
receive	1678079306.2651231	0	196
receive	1678079306.767112	0	199
receive	1678079307.270632	0	201
receive	1678079307.775744	0	203
receive	1678079308.276474	0	205
receive	1678079308.7782001	1	206
receive	1678079309.2821782	0	207
send 5	1678079309.7830179	0	208
send 9	1678079310.286023	0	209
receive	1678079310.78777	1	214
receive	1678079311.288832	0	215
send 1	1678079311.793272	0	216
receive	1678079312.297246	0	220
receive	1678079312.7996428	0	221
send 10	1678079313.304241	0	222
send 3	1678079313.8054998	0	223
send 7	1678079314.310795	0	224
send 5	1678079314.813217	0	225
send 10	1678079315.316326	0	226
send 5	1678079315.820926	0	227
send 2	1678079316.323391	0	228
send 8	1678079316.825611	0	229
receive	1678079317.330981	0	238
send 1	1678079317.833688	0	239
send 4	1678079318.336407	0	240
receive	1678079318.837236	0	243
send 3	1678079319.340394	0	244
receive	1678079319.845006	0	247
send 8	1678079320.3471339	0	248
receive	1678079320.852436	0	251
send 2	1678079321.3569658	0	252
send 3	1678079321.862048	0	253
send 5	1678079322.3628402	0	254
receive	1678079322.8643389	0	258
receive	1678079323.365605	1	259
receive	1678079323.868979	0	260
send 10	1678079324.370615	0	261
receive	1678079324.87293	0	265
send 1	1678079325.3769228	0	266
send 3	1678079325.87793	0	267
send 2	1678079326.379955	0	268
receive	1678079326.882091	0	271
send 2	1678079327.384626	0	272
send 6	1678079327.8894851	0	273
receive	1678079328.392859	0	277
send 4	1678079328.897131	0	278
send 3	1678079329.401769	0	279
send 2	1678079329.902713	0	280
send 4	1678079330.403637	0	281
receive	1678079330.9050848	0	287
send 2	1678079331.410775	0	288
receive	1678079331.911834	0	291
send 6	1678079332.4173708	0	292
send 9	1678079332.921016	0	293
send 9	1678079333.423182	0	294
send 6	1678079333.9275331	0	295
send 9	1678079334.433239	0	296
send 7	1678079334.938875	0	297
send 1	1678079335.444106	0	298
send 4	1678079335.947072	0	299
send 10	1678079336.452689	0	300
receive	1678079336.953569	0	310
receive	1678079337.459689	0	312
send 10	1678079337.9610949	0	313
send 1	1678079338.464336	0	314
send 4	1678079338.9670038	0	315
receive	1678079339.4677608	0	319
receive	1678079339.9716392	0	321
send 1	1678079340.472339	0	322
send 10	1678079340.9779258	0	323
send 9	1678079341.48222	0	324
receive	1678079341.987709	0	328
send 3	1678079342.489287	0	329
send 9	1678079342.994294	0	330
receive	1678079343.497041	0	332
send 4	1678079344.002124	0	333
receive	1678079344.506418	0	336
send 6	1678079345.007212	0	337
receive	1678079345.510844	0	340
send 8	1678079346.0114691	0	341
send 8	1678079346.516276	0	342
send 9	1678079347.019721	0	343
send 6	1678079347.5223832	0	344
send 3	1678079348.023191	0	345
send 7	1678079348.5237231	0	346
receive	1678079349.0256581	0	352
send 2	1678079349.528702	0	353
send 6	1678079350.029352	0	354
send 10	1678079350.530703	0	355
send 5	1678079351.0321238	0	356
send 10	1678079351.533482	0	357
send 6	1678079352.036878	0	358
send 9	1678079352.537934	0	359
send 10	1678079353.038555	0	360
receive	1678079353.53934	0	370
send 3	1678079354.040129	0	371
send 2	1678079354.541827	0	372
send 3	1678079355.047072	0	373
send 1	1678079355.548299	0	374
send 8	1678079356.054014	0	375
send 4	1678079356.5553532	0	376
receive	1678079357.061007	0	380
send 6	1678079357.562788	0	381
send 9	1678079358.0675578	0	382
receive	1678079358.569243	0	385
send 7	1678079359.072167	0	386
send 1	1678079359.573975	0	387
receive	1678079360.078388	0	391
send 1	1678079360.582023	0	392
send 10	1678079361.08748	0	393
send 3	1678079361.5921102	0	394
send 3	1678079362.097837	0	395
send 8	1678079362.599086	0	396
receive	1678079363.1009548	0	400
receive	1678079363.601946	0	401
receive	1678079364.1054878	1	403
receive	1678079364.606359	0	404
send 1	1678079365.111135	0	405
send 6	1678079365.615981	0	406
send 6	1678079366.118761	0	407
receive	1678079366.621912	0	410
receive	1678079367.12306	0	414
send 8	1678079367.623874	0	415
send 9	1678079368.128521	0	416
receive	1678079368.632912	0	421
send 8	1678079369.136396	0	422
receive	1678079369.638072	0	424
receive	1678079370.138803	0	427
receive	1678079370.643179	1	428
receive	1678079371.144421	0	429
send 8	1678079371.645303	0	430
send 4	1678079372.146322	0	431
send 9	1678079372.647302	0	432
send 8	1678079373.14799	0	433
send 10	1678079373.649516	0	434
send 1	1678079374.1524491	0	435
send 7	1678079374.654073	0	436
send 8	1678079375.158402	0	437
send 5	1678079375.659769	0	438
receive	1678079376.160287	0	449
receive	1678079376.6608698	0	451
receive	1678079377.16224	0	453
receive	1678079377.665596	0	455
send 4	1678079378.168561	0	456
receive	1678079378.670976	0	458
receive	1678079379.1718102	0	461
receive	1678079380.1799061	1	463
receive	1678079380.682861	0	464
receive	1678079381.1867461	0	468
send 1	1678079381.687725	0	469
receive	1678079382.1882539	0	471
send 8	1678079382.6888	0	472
send 5	1678079383.189515	0	473
send 6	1678079384.191058	0	474
receive	1678079384.6967502	0	479
send 4	1678079385.197439	0	480
send 2	1678079385.701664	0	481
send 10	1678079386.202115	0	482
send 9	1678079386.702899	0	483
send 6	1678079387.203788	0	484
send 4	1678079387.7080278	0	485
send 7	1678079388.2090318	0	486
receive	1678079388.7107022	0	488
send 8	1678079389.2164109	0	489
send 3	1678079389.71744	0	490
send 4	1678079390.218237	0	491
receive	1678079390.720698	1	499
receive	1678079391.221677	0	500
send 2	1678079391.722662	0	501
send 1	1678079392.225657	0	502
send 5	1678079392.726094	0	503
send 8	1678079393.231714	0	504
send 6	1678079393.735025	0	505
send 6	1678079394.237817	0	506
send 7	1678079394.7387588	0	507
send 4	1678079395.239212	0	508
