Event	Time	Queue	Clock
send 3	1678079252.6637871	0	1
send 8	1678079252.916045	0	2
send 3	1678079253.170527	0	3
send 7	1678079253.4302678	0	4
send 10	1678079253.6843698	0	5
send 3	1678079253.934952	0	6
send 9	1678079254.185674	0	7
send 6	1678079254.447175	0	8
send 1	1678079254.701408	0	9
send 6	1678079254.951777	0	10
send 2	1678079255.202114	0	11
send 7	1678079255.4556339	0	12
send 6	1678079255.710131	0	13
send 6	1678079255.961463	0	14
send 1	1678079256.212163	0	15
send 2	1678079256.467241	0	16
send 9	1678079256.7192261	0	17
send 4	1678079256.97261	0	18
send 8	1678079257.2230752	0	19
send 4	1678079257.478097	0	20
send 1	1678079257.7288792	0	21
send 6	1678079257.9802592	0	22
send 8	1678079258.231442	0	23
send 8	1678079258.484873	0	24
send 8	1678079258.735599	0	25
send 7	1678079258.988066	0	26
send 7	1678079259.2405179	0	27
send 1	1678079259.4953291	0	28
send 5	1678079259.7472079	0	29
send 1	1678079259.99915	0	30
send 8	1678079260.252773	0	31
send 10	1678079260.5032241	0	32
send 9	1678079260.7545469	0	33
send 2	1678079261.005095	0	34
send 1	1678079261.258729	0	35
send 1	1678079261.511699	0	36
send 2	1678079261.766237	0	37
send 6	1678079262.020247	0	38
send 2	1678079262.272945	0	39
send 1	1678079262.52777	0	40
send 4	1678079262.783072	0	41
send 7	1678079263.03706	0	42
send 1	1678079263.289084	0	43
send 8	1678079263.541117	0	44
send 7	1678079263.79723	0	45
send 8	1678079264.0480168	0	46
send 7	1678079264.2984781	0	47
send 9	1678079266.335538	0	48
send 7	1678079266.586224	0	49
send 7	1678079266.8378198	0	50
send 2	1678079267.088371	0	51
send 2	1678079267.3405828	0	52
send 4	1678079267.600874	0	53
send 5	1678079267.8707032	0	54
send 10	1678079268.151556	0	55
send 5	1678079268.405501	0	56
send 8	1678079268.659174	0	57
send 8	1678079268.909856	0	58
send 9	1678079269.161403	0	59
send 7	1678079269.411828	0	60
send 9	1678079269.663604	0	61
send 4	1678079269.9181828	0	62
send 2	1678079270.171249	0	63
send 2	1678079270.423591	0	64
send 7	1678079270.6743	0	65
send 5	1678079270.925065	0	66
send 9	1678079271.176354	0	67
send 3	1678079271.4301078	0	68
send 9	1678079271.684852	0	69
send 10	1678079271.937515	0	70
send 10	1678079272.190795	0	71
send 7	1678079272.445392	0	72
send 1	1678079272.697186	0	73
send 7	1678079272.94831	0	74
send 8	1678079273.203844	0	75
send 2	1678079273.4545548	0	76
send 2	1678079273.7103539	0	77
send 10	1678079273.964684	0	78
send 1	1678079274.216712	0	79
send 6	1678079274.472121	0	80
send 9	1678079274.977706	0	81
send 2	1678079275.229898	0	82
send 5	1678079275.481268	0	83
send 9	1678079275.7319949	0	84
send 7	1678079275.9876292	0	85
send 2	1678079276.238174	0	86
send 2	1678079276.488754	0	87
send 4	1678079276.741392	0	88
send 9	1678079276.994306	0	89
send 8	1678079277.2471669	0	90
send 7	1678079277.497803	0	91
send 2	1678079277.749482	0	92
send 10	1678079278.0003572	0	93
send 5	1678079278.250946	0	94
send 2	1678079278.5058858	0	95
send 8	1678079278.756947	0	96
send 1	1678079279.007896	0	97
send 6	1678079279.258472	0	98
send 10	1678079279.514418	0	99
send 10	1678079279.767361	0	100
send 10	1678079280.022476	0	101
send 5	1678079280.273885	0	102
send 8	1678079280.528744	0	103
send 3	1678079280.779476	0	104
send 8	1678079281.031498	0	105
send 4	1678079281.2842839	0	106
send 6	1678079281.538744	0	107
send 2	1678079281.793466	0	108
send 5	1678079282.048929	0	109
send 7	1678079282.3024151	0	110
send 4	1678079282.553411	0	111
send 4	1678079282.8042629	0	112
send 10	1678079283.057955	0	113
send 1	1678079283.3107772	0	114
send 4	1678079283.561862	0	115
send 5	1678079283.812605	0	116
send 8	1678079284.0638	0	117
send 5	1678079284.318463	0	118
send 10	1678079284.572057	0	119
send 5	1678079284.827466	0	120
send 2	1678079285.078089	0	121
send 7	1678079285.330636	0	122
send 6	1678079285.585689	0	123
send 3	1678079285.836718	0	124
send 3	1678079286.0899148	0	125
send 8	1678079286.340648	0	126
send 5	1678079286.593215	0	127
send 6	1678079286.8496509	0	128
send 6	1678079287.103092	0	129
send 1	1678079287.357482	0	130
send 9	1678079287.608247	0	131
send 6	1678079287.858937	0	132
send 7	1678079288.10994	0	133
send 8	1678079288.365151	0	134
send 8	1678079288.6208498	0	135
send 9	1678079288.8721752	0	136
send 5	1678079289.126997	0	137
send 2	1678079289.377326	0	138
send 2	1678079289.628149	0	139
send 1	1678079290.1309361	0	140
send 6	1678079290.3814678	0	141
send 4	1678079290.632017	0	142
send 1	1678079291.136012	0	143
send 10	1678079291.3879092	0	144
send 5	1678079291.638562	0	145
send 1	1678079291.8909252	0	146
send 5	1678079292.141716	0	147
send 2	1678079292.3970969	0	148
send 3	1678079292.6506639	0	149
send 7	1678079292.904856	0	150
send 8	1678079293.15887	0	151
send 4	1678079293.410579	0	152
send 2	1678079293.6635892	0	153
send 1	1678079294.164723	0	154
send 8	1678079294.417588	0	155
send 4	1678079294.6697679	0	156
send 10	1678079294.92164	0	157
send 6	1678079295.175162	0	158
send 5	1678079295.425911	0	159
send 2	1678079295.677753	0	160
send 7	1678079295.9310699	0	161
send 9	1678079296.183917	0	162
send 6	1678079296.43519	0	163
send 5	1678079296.6861389	0	164
send 9	1678079297.187742	0	165
send 10	1678079297.442525	0	166
send 2	1678079297.697201	0	167
send 3	1678079298.204266	0	168
send 6	1678079298.455621	0	169
send 1	1678079298.706903	0	170
send 4	1678079298.9577532	0	171
send 3	1678079299.2118132	0	172
send 9	1678079299.467098	0	173
send 9	1678079299.7190678	0	174
send 3	1678079300.225284	0	175
send 8	1678079300.477935	0	176
send 7	1678079300.7303948	0	177
send 6	1678079300.984428	0	178
send 4	1678079301.237227	0	179
send 1	1678079301.4924989	0	180
send 4	1678079301.747067	0	181
send 10	1678079301.9989948	0	182
send 5	1678079302.254289	0	183
send 10	1678079302.508914	0	184
send 5	1678079302.759944	0	185
send 9	1678079303.01056	0	186
send 7	1678079303.2615502	0	187
send 6	1678079303.516374	0	188
send 10	1678079303.771913	0	189
send 9	1678079304.0234911	0	190
send 9	1678079304.278069	0	191
send 8	1678079304.528928	0	192
send 1	1678079305.03741	0	193
send 7	1678079305.2959151	0	194
send 1	1678079305.5491881	0	195
send 3	1678079305.80222	0	196
send 7	1678079306.057599	0	197
send 4	1678079306.309524	0	198
send 1	1678079306.564288	0	199
send 9	1678079306.815924	0	200
send 3	1678079307.070726	0	201
send 5	1678079307.321856	0	202
send 1	1678079307.575428	0	203
send 6	1678079307.8260028	0	204
send 3	1678079308.077216	0	205
send 1	1678079308.332074	0	206
send 3	1678079308.5868	0	207
send 9	1678079308.837698	0	208
send 8	1678079309.0923111	0	209
send 10	1678079309.347223	0	210
send 5	1678079309.602103	0	211
send 5	1678079309.855548	0	212
send 5	1678079310.1106298	0	213
send 1	1678079310.362133	0	214
send 1	1678079310.615526	0	215
send 5	1678079310.870325	0	216
send 9	1678079311.120995	0	217
send 6	1678079311.3714602	0	218
send 7	1678079311.622477	0	219
send 1	1678079312.124581	0	220
send 3	1678079312.3773062	0	221
send 7	1678079312.628396	0	222
send 6	1678079312.881633	0	223
send 7	1678079313.133585	0	224
send 9	1678079313.384366	0	225
send 4	1678079313.637718	0	226
send 2	1678079314.143968	0	227
send 9	1678079314.398396	0	228
send 2	1678079314.653853	0	229
send 6	1678079314.9098399	0	230
send 7	1678079315.160834	0	231
send 4	1678079315.411687	0	232
send 7	1678079315.6664178	0	233
send 6	1678079315.920993	0	234
send 7	1678079316.17291	0	235
send 5	1678079316.424397	0	236
send 6	1678079316.675125	0	237
send 1	1678079316.926615	0	238
send 6	1678079317.17799	0	239
send 4	1678079317.4292748	0	240
send 4	1678079317.683829	0	241
send 2	1678079318.1958778	0	242
send 3	1678079318.449667	0	243
send 10	1678079318.703286	0	244
send 7	1678079318.9540029	0	245
send 9	1678079319.207017	0	246
send 1	1678079319.713311	0	247
send 7	1678079319.963739	0	248
send 9	1678079320.214439	0	249
send 4	1678079320.4700649	0	250
send 3	1678079320.723893	0	251
send 10	1678079320.974815	0	252
send 10	1678079321.229381	0	253
send 6	1678079321.4799821	0	254
send 2	1678079321.730743	0	255
send 10	1678079322.2345111	0	256
send 2	1678079322.4865348	0	257
send 1	1678079322.73714	0	258
send 3	1678079322.990923	0	259
send 3	1678079323.241854	0	260
send 8	1678079323.497113	0	261
send 7	1678079323.752778	0	262
send 8	1678079324.005522	0	263
send 2	1678079324.2598321	0	264
send 3	1678079324.511998	0	265
send 8	1678079324.767328	0	266
send 5	1678079325.01843	0	267
send 8	1678079325.271463	0	268
send 8	1678079325.775815	0	269
send 9	1678079326.281309	0	270
send 1	1678079326.534731	0	271
send 6	1678079326.78921	0	272
send 5	1678079327.0420969	0	273
send 6	1678079327.29709	0	274
send 2	1678079327.5499132	0	275
send 5	1678079327.80093	0	276
send 3	1678079328.055308	0	277
send 6	1678079328.3078668	0	278
send 6	1678079328.5617988	0	279
send 8	1678079328.813371	0	280
send 10	1678079329.0664399	0	281
send 4	1678079329.321816	0	282
send 7	1678079329.8294241	0	283
send 9	1678079330.082478	0	284
send 8	1678079330.3343391	0	285
send 5	1678079330.5885031	0	286
send 3	1678079330.841336	0	287
send 7	1678079331.092768	0	288
send 6	1678079331.347112	0	289
send 7	1678079331.6027572	0	290
send 1	1678079331.857492	0	291
send 10	1678079332.1109262	0	292
send 8	1678079332.366909	0	293
send 6	1678079332.622535	0	294
send 5	1678079332.873183	0	295
send 6	1678079333.1238458	0	296
send 8	1678079333.376086	0	297
send 10	1678079333.628191	0	298
send 6	1678079333.8791208	0	299
send 5	1678079334.130443	0	300
send 6	1678079334.3816	0	301
send 6	1678079334.633365	0	302
send 2	1678079334.8878698	0	303
send 4	1678079335.142399	0	304
send 5	1678079335.3970912	0	305
send 9	1678079335.903323	0	306
send 2	1678079336.1579661	0	307
send 4	1678079336.413048	0	308
send 9	1678079336.664045	0	309
send 1	1678079336.9187672	0	310
send 8	1678079337.169866	0	311
send 1	1678079337.422154	0	312
send 8	1678079337.6733088	0	313
send 10	1678079337.924032	0	314
send 6	1678079338.1748328	0	315
send 7	1678079338.425473	0	316
send 6	1678079338.9297001	0	317
send 8	1678079339.182264	0	318
send 1	1678079339.4360352	0	319
send 5	1678079339.689325	0	320
send 1	1678079339.940104	0	321
send 2	1678079340.195773	0	322
send 4	1678079340.447107	0	323
send 5	1678079340.953137	0	324
send 6	1678079341.207708	0	325
send 9	1678079341.459829	0	326
send 10	1678079341.715517	0	327
send 1	1678079341.966843	0	328
send 2	1678079342.2187798	0	329
send 4	1678079342.4699898	0	330
send 4	1678079342.973372	0	331
send 3	1678079343.2249331	0	332
send 7	1678079343.477885	0	333
send 9	1678079343.7284858	0	334
send 4	1678079343.979403	0	335
send 3	1678079344.230182	0	336
send 6	1678079344.485514	0	337
send 10	1678079344.737396	0	338
send 8	1678079344.988001	0	339
send 3	1678079345.239946	0	340
send 6	1678079345.491235	0	341
send 9	1678079345.745277	0	342
send 7	1678079345.997662	0	343
send 6	1678079346.248618	0	344
send 7	1678079346.5043771	0	345
send 8	1678079346.7573628	0	346
send 8	1678079347.009224	0	347
send 7	1678079347.260671	0	348
send 9	1678079347.5162292	0	349
send 5	1678079347.767287	0	350
send 7	1678079348.018406	0	351
send 1	1678079348.523713	0	352
send 8	1678079348.778408	0	353
send 7	1678079349.02966	0	354
send 10	1678079349.2834141	0	355
send 8	1678079349.5390542	0	356
send 2	1678079349.7947571	0	357
send 7	1678079350.0470269	0	358
send 10	1678079350.302399	0	359
send 6	1678079350.553278	0	360
send 8	1678079350.8088892	0	361
send 10	1678079351.0623622	0	362
send 9	1678079351.31341	0	363
send 8	1678079351.5675058	0	364
send 7	1678079351.8182678	0	365
send 4	1678079352.070292	0	366
send 4	1678079352.3231528	0	367
send 2	1678079352.57566	0	368
send 4	1678079352.8266492	0	369
send 3	1678079353.0800939	0	370
send 10	1678079353.582869	0	371
send 10	1678079353.83491	0	372
send 8	1678079354.3443918	0	373
send 4	1678079354.5992289	0	374
send 9	1678079354.850337	0	375
send 10	1678079355.352949	0	376
send 9	1678079355.858231	0	377
send 10	1678079356.1134121	0	378
send 7	1678079356.365708	0	379
send 3	1678079356.620972	0	380
send 5	1678079357.126456	0	381
send 5	1678079357.3803258	0	382
send 4	1678079357.634769	0	383
send 7	1678079357.8891442	0	384
send 3	1678079358.139971	0	385
send 4	1678079358.39506	0	386
send 8	1678079358.648869	0	387
send 4	1678079358.899641	0	388
send 7	1678079359.152481	0	389
send 2	1678079359.4038458	0	390
send 3	1678079359.908011	0	391
send 4	1678079360.161005	0	392
send 9	1678079360.413405	0	393
send 4	1678079360.920258	0	394
send 8	1678079361.171215	0	395
send 5	1678079361.424591	0	396
send 6	1678079361.930868	0	397
send 10	1678079362.4377012	0	398
send 6	1678079362.688399	0	399
send 1	1678079362.939397	0	400
send 1	1678079363.1918652	0	401
send 2	1678079363.443618	0	402
send 1	1678079363.6945658	0	403
send 3	1678079363.949006	0	404
send 4	1678079364.2016692	0	405
send 5	1678079364.4572558	0	406
send 5	1678079364.7094002	0	407
send 2	1678079364.960651	0	408
send 8	1678079365.468391	0	409
send 6	1678079365.722292	0	410
send 6	1678079365.973027	0	411
send 10	1678079366.223731	0	412
send 6	1678079366.476835	0	413
send 1	1678079366.727299	0	414
send 6	1678079366.981586	0	415
send 4	1678079367.2353978	0	416
send 8	1678079367.486924	0	417
send 6	1678079367.739011	0	418
send 9	1678079367.994121	0	419
send 5	1678079368.247166	0	420
send 3	1678079368.497729	0	421
send 9	1678079368.748099	0	422
send 4	1678079368.9989052	0	423
send 1	1678079369.253495	0	424
send 4	1678079369.505027	0	425
send 4	1678079369.755786	0	426
send 3	1678079370.006778	0	427
send 3	1678079370.260469	0	428
send 1	1678079370.5121422	0	429
send 7	1678079370.7675252	0	430
send 8	1678079371.018333	0	431
send 10	1678079371.5233421	0	432
send 6	1678079371.77444	0	433
send 5	1678079372.0251288	0	434
send 7	1678079372.275774	0	435
send 9	1678079372.526556	0	436
send 7	1678079372.7773151	0	437
send 2	1678079373.030635	0	438
send 4	1678079373.281398	0	439
send 6	1678079373.534891	0	440
send 7	1678079373.789866	0	441
send 7	1678079374.041656	0	442
send 8	1678079374.546939	0	443
send 7	1678079374.7979908	0	444
send 4	1678079375.0503712	0	445
send 4	1678079375.300852	0	446
send 5	1678079375.5516741	0	447
send 10	1678079375.80367	0	448
send 3	1678079376.0621471	0	449
send 6	1678079376.31619	0	450
send 3	1678079376.568187	0	451
send 2	1678079376.819266	0	452
send 3	1678079377.070396	0	453
send 2	1678079377.32161	0	454
send 3	1678079377.576417	0	455
send 7	1678079377.8283541	0	456
send 9	1678079378.0800152	0	457
send 1	1678079378.3316412	0	458
send 10	1678079378.585516	0	459
send 8	1678079378.837284	0	460
send 1	1678079379.08861	0	461
send 10	1678079379.593062	0	462
send 3	1678079379.844435	0	463
send 3	1678079380.095253	0	464
send 4	1678079380.3464231	0	465
send 9	1678079380.5972931	0	466
send 9	1678079380.852428	0	467
send 3	1678079381.1032372	0	468
send 10	1678079381.354298	0	469
send 5	1678079381.609236	0	470
send 3	1678079382.113311	0	471
send 5	1678079382.366144	0	472
send 7	1678079382.6167722	0	473
send 9	1678079382.868928	0	474
send 4	1678079383.1209888	0	475
send 5	1678079383.624983	0	476
send 7	1678079383.8789601	0	477
send 10	1678079384.132406	0	478
send 1	1678079384.383729	0	479
send 7	1678079384.637877	0	480
send 5	1678079385.141144	0	481
send 10	1678079385.3919091	0	482
send 6	1678079385.643248	0	483
send 2	1678079385.896672	0	484
send 9	1678079386.15001	0	485
send 8	1678079386.400936	0	486
send 8	1678079386.6543438	0	487
send 7	1678079386.905986	0	488
send 4	1678079387.157143	0	489
send 8	1678079387.66127	0	490
send 8	1678079388.166476	0	491
send 10	1678079388.420206	0	492
send 2	1678079388.672439	0	493
send 2	1678079388.924774	0	494
send 4	1678079389.1804001	0	495
send 8	1678079389.435234	0	496
send 6	1678079389.68996	0	497
send 2	1678079390.192417	0	498
send 3	1678079390.4431942	0	499
send 1	1678079390.6969442	0	500
send 2	1678079390.951895	0	501
send 9	1678079391.2076201	0	502
send 8	1678079391.460612	0	503
send 6	1678079391.716197	0	504
send 9	1678079391.968381	0	505
send 2	1678079392.220974	0	506
send 4	1678079392.725445	0	507
send 2	1678079392.979744	0	508
send 6	1678079393.23473	0	509
